════════════════════════════════════════════════════════════════════════════
  PROFILER 1 — PHASE TRANSITION SCALING  (k=2 probe, real σ data)
  6 classes  |  probe_n=300  |  seeds=2  |  probe_pts=40
════════════════════════════════════════════════════════════════════════════

  TRANSITION DETECTION SUMMARY
  Modality         n/cls   n_total     trans_n    ratio    σ_pre   σ_post   σ_ratio   final_acc  behaviour
  ──────────────────────────────────────────────────────────────────────────
  text                 5        30         4±1    0.134   0.0553   0.0471      1.2x       0.820  improving
  text                10        60         3±1    0.050   0.0279   0.0477      0.6x       0.820  improving
  text                25       150         4±2    0.030   0.0191   0.0431      0.4x       0.893  improving
  text                50       300      105±98    0.350   0.0261   0.0405      0.6x       0.885  improving
  text               100       600      428±38    0.713   0.0401   0.0397      1.0x       0.878  degrading
  text               200      1200     375±225    0.312   0.0395   0.0407      1.0x       0.883  degrading
  text               500      3000    1612±638    0.537   0.0399   0.0389      1.0x       0.868  improving
  text              1000      6000    1500±300    0.250   0.0370   0.0401      0.9x       0.858  improving
  audio                5        30         3±0    0.100   0.0066   0.0043      1.6x       0.820  improving
  audio               10        60         2±0    0.033   0.0067   0.0054      1.2x       0.755  improving
  audio               25       150         3±0    0.020   0.0088   0.0047      1.9x       0.773  improving
  audio               50       300           —        —        —        —         —       0.770  no_transition
  audio              100       600        45±0    0.075   0.0050   0.0046      1.1x       0.792  degrading
  audio              200      1200           —        —        —        —         —       0.768  no_transition
  audio              500      3000           —        —        —        —         —       0.807  no_transition
  audio             1000      6000           —        —        —        —         —       0.835  no_transition
  rf_iq                5        30         6±2    0.200   0.0166   0.0024      6.9x       0.710  improving
  rf_iq               10        60        10±1    0.166   0.0157   0.0028      5.6x       0.705  improving
  rf_iq               25       150         8±4    0.050   0.0092   0.0035      2.6x       0.722  improving
  rf_iq               50       300        10±4    0.035   0.0056   0.0037      1.5x       0.623  improving
  rf_iq              100       600           —        —        —        —         —       0.740  no_transition
  rf_iq              200      1200           —        —        —        —         —       0.682  no_transition
  rf_iq              500      3000      1800±0    0.600   0.0030   0.0031      1.0x       0.693  degrading
  rf_iq             1000      6000           —        —        —        —         —       0.733  no_transition
  image                5        30         8±1    0.267   0.1046   0.1159      0.9x       0.873  improving
  image               10        60         2±0    0.042   0.1061   0.1615      0.7x       0.892  improving
  image               25       150        18±3    0.120   0.1515   0.1091      1.4x       0.873  improving
  image               50       300       32±18    0.105   0.1642   0.1289      1.3x       0.935  improving
  image              100       600     142±128    0.238   0.1186   0.1155      1.0x       0.905  degrading
  image              200      1200        60±0    0.050   0.1041   0.1056      1.0x       0.932  improving
  image              500      3000     562±338    0.188   0.1107   0.1072      1.0x       0.927  degrading
  image             1000      6000      4950±0    0.825   0.1017   0.1064      1.0x       0.968  improving
  structured           5        30         2±0    0.084   0.0225   0.0269      0.8x       0.467  improving
  structured          10        60         6±0    0.091   0.0346   0.0202      1.7x       0.487  improving
  structured          25       150       64±62    0.430   0.0185   0.0231      0.8x       0.497  improving
  structured          50       300       84±77    0.280   0.0143   0.0278      0.5x       0.492  degrading
  structured         100       600      412±38    0.688   0.0190   0.0186      1.0x       0.503  improving
  structured         200      1200     615±135    0.512   0.0179   0.0180      1.0x       0.465  degrading
  structured         500      3000   1575±1350    0.525   0.0190   0.0213      0.9x       0.480  no_post_data
  structured        1000      6000    2850±900    0.475   0.0252   0.0213      1.2x       0.465  improving
  video                5        30        13±2    0.433   0.1587   0.1043      1.5x       0.997  degrading
  video               10        60        11±8    0.183   0.0763   0.1453      0.5x       0.982  improving
  video               25       150       70±22    0.470   0.1241   0.1322      0.9x       0.992  degrading
  video               50       300       88±66    0.291   0.0961   0.0916      1.1x       1.000  degrading
  video              100       600      368±82    0.613   0.1290   0.1017      1.3x       1.000  improving
  video              200      1200      645±75    0.537   0.1193   0.0942      1.3x       1.000  improving
  video              500      3000    1012±562    0.338   0.0842   0.0849      1.0x       0.995  degrading
  video             1000      6000   2250±1050    0.375   0.0856   0.0925      0.9x       1.000  improving

  RATIO CONSISTENCY (transition_n / n_total)
  A consistent ratio means the transition is a fixed fraction of training,
  predictable from the budget alone — enabling adaptive stopping.

  Modality        n/cls=   5  n/cls=  10  n/cls=  25  n/cls=  50  n/cls= 100  n/cls= 200  n/cls= 500  n/cls=1000
  ──────────────────────────────────────────────────────────────────────────
  text                  0.134      0.050      0.030      0.350      0.713      0.312      0.537      0.250
  audio                 0.100      0.033      0.020        —        0.075        —          —          —  
  rf_iq                 0.200      0.166      0.050      0.035        —          —        0.600        —  
  image                 0.267      0.042      0.120      0.105      0.238      0.050      0.188      0.825
  structured            0.084      0.091      0.430      0.280      0.688      0.512      0.525      0.475
  video                 0.433      0.183      0.470      0.291      0.613      0.537      0.338      0.375

  Q(n) = recall(n) × plasticity(n) MODEL FITS
  Q(n) = sigmoid((n−n½)/w) × exp(−λ·n)

  Modality         n/cls        n½           λ        n*      R²   n*/n_total
  ──────────────────────────────────────────────────────────────────────────
  text                 5      10.9    1.00e-06        52   0.922        1.737
  text                10      10.7    3.24e-03        25   0.879        0.423
  text                25      13.0    8.69e-04        35   0.808        0.235
  text                50      20.5    4.94e-04        56   0.899        0.187
  text               100      30.0    4.09e-04        80   0.544        0.134
  text               200      60.0    1.60e-04       165   0.378        0.138
  text               500    2850.0    8.69e-04      1944   0.001        0.648
  text              1000     300.0    3.56e-05       817  -0.041        0.136
  audio                5       5.4    6.87e-03        13   0.861         0.42
  audio               10       8.5    3.91e-03        20   0.735        0.338
  audio               25      10.3    2.68e-03        25   0.494        0.167
  audio               50      15.0    7.20e-04        41   0.355        0.136
  audio              100      30.0    5.96e-04        77   0.030        0.128
  audio              200      60.0    2.33e-04       158  -0.081        0.132
  audio              500     150.0    9.10e-05       397   0.149        0.132
  audio             1000     300.0    4.29e-05       800   0.019        0.133
  rf_iq                5      10.9    1.00e-02        22   0.935         0.73
  rf_iq               10       8.5    1.53e-03        23   0.930        0.378
  rf_iq               25       7.5    7.20e-04        22   0.705        0.147
  rf_iq               50      15.0    4.94e-04        42   0.624        0.142
  rf_iq              100     525.9    4.71e-03       358   0.028        0.596
  rf_iq              200      60.0    1.10e-04       172   0.111        0.143
  rf_iq              500    2850.0    8.69e-04      1944   0.010        0.648
  rf_iq             1000     300.0    4.29e-05       800  -0.021        0.133
  image                5       8.7    1.00e-06        42   0.920        1.403
  image               10       7.4    1.53e-03        20   0.757        0.333
  image               25       7.5    4.94e-04        23   0.817        0.152
  image               50      15.0    4.09e-04        43   0.814        0.144
  image              100      30.0    2.33e-04        86   0.439        0.142
  image              200      60.0    9.10e-05       175   0.264        0.146
  image              500    2850.0    8.69e-04      1944   0.188        0.648
  image             1000     300.0    2.02e-05       868   0.056        0.145
  structured           5       9.2    1.00e-02        19   0.781        0.637
  structured          10      27.2    1.00e-02        47   0.752        0.783
  structured          25      10.3    2.68e-03        25   0.034        0.167
  structured          50      20.5    2.22e-03        47   0.201        0.156
  structured         100      30.0    1.05e-03        72  -0.028         0.12
  structured         200      60.0    4.94e-04       145  -0.376        0.121
  structured         500     150.0    1.93e-04       363  -0.554        0.121
  structured        1000     300.0    1.10e-04       715  -0.103        0.119
  video                5       5.9    1.00e-06        29   0.903         0.98
  video               10       6.3    3.39e-04        20   0.939        0.337
  video               25       7.5    3.56e-05        29   0.964        0.191
  video               50      15.0    5.18e-05        53   0.253        0.175
  video              100      30.0    2.44e-05       106  -0.016        0.176
  video              200      60.0    1.15e-05       213  -0.014        0.177
  video              500     150.0    5.43e-06       524  -0.007        0.175
  video             1000     300.0    2.56e-06      1054  -0.010        0.176

  PER-MODALITY TRACE SUMMARIES

  TEXT
  n/cls=5  (seed 0 trace):
           n     acc    margin        σ   anchors
           1   0.167    0.5000   0.0000         1
           4   0.313    0.0816   0.0651         3
           7   0.357    0.0673   0.0528         4
          10   0.480    0.0679   0.0513         5
          13   0.580    0.0580   0.0450         6
          16   0.667    0.0598   0.0459         6
          19   0.690    0.0582   0.0443         6
          22   0.710    0.0614   0.0464         6
          25   0.743    0.0629   0.0448         6
          28   0.797    0.0623   0.0430         6
          30   0.790    0.0626   0.0428         6
  n/cls=10  (seed 0 trace):
           n     acc    margin        σ   anchors
           1   0.167    0.5000   0.0000         1
           8   0.500    0.0634   0.0574         5
          15   0.717    0.0623   0.0517         6
          22   0.780    0.0673   0.0478         6
          29   0.867    0.0700   0.0443         6
          36   0.897    0.0742   0.0454         6
          43   0.847    0.0697   0.0456         6
          50   0.823    0.0672   0.0446         6
          57   0.827    0.0650   0.0428         6
          60   0.807    0.0638   0.0437         6
  n/cls=25  (seed 0 trace):
           n     acc    margin        σ   anchors
           1   0.167    0.5000   0.0000         1
          18   0.757    0.0635   0.0473         6
          36   0.773    0.0654   0.0461         6
          54   0.787    0.0689   0.0459         6
          72   0.857    0.0709   0.0429         6
          90   0.823    0.0622   0.0415         6
         108   0.900    0.0644   0.0397         6
         126   0.890    0.0617   0.0351         6
         144   0.877    0.0647   0.0417         6
         150   0.887    0.0620   0.0409         6
  n/cls=50  (seed 0 trace):
           n     acc    margin        σ   anchors
           1   0.167    0.5000   0.0000         1
          35   0.850    0.0578   0.0386         6
          70   0.877    0.0644   0.0394         6
         105   0.863    0.0650   0.0364         6
         140   0.857    0.0673   0.0451         6
         175   0.893    0.0678   0.0397         6
         210   0.833    0.0623   0.0421         6
         245   0.930    0.0712   0.0389         6
         280   0.907    0.0656   0.0417         6
         300   0.860    0.0619   0.0430         6
  n/cls=100  (seed 0 trace):
           n     acc    margin        σ   anchors
           1   0.167    0.5000   0.0000         1
          75   0.853    0.0653   0.0432         6
         150   0.867    0.0575   0.0395         6
         225   0.887    0.0594   0.0373         6
         300   0.840    0.0625   0.0419         6
         375   0.787    0.0651   0.0443         6
         450   0.907    0.0671   0.0388         6
         525   0.877    0.0634   0.0381         6
         600   0.843    0.0636   0.0408         6
  n/cls=200  (seed 0 trace):
           n     acc    margin        σ   anchors
           1   0.167    0.5000   0.0000         1
         150   0.887    0.0673   0.0410         6
         300   0.837    0.0675   0.0443         6
         450   0.890    0.0727   0.0454         6
         600   0.793    0.0596   0.0426         6
         750   0.930    0.0707   0.0426         6
         900   0.847    0.0621   0.0396         6
       1,050   0.870    0.0641   0.0404         6
       1,200   0.887    0.0604   0.0433         6
  n/cls=500  (seed 0 trace):
           n     acc    margin        σ   anchors
           1   0.167    0.5000   0.0000         1
         375   0.873    0.0627   0.0407         6
         750   0.860    0.0639   0.0429         6
       1,125   0.913    0.0738   0.0438         6
       1,500   0.820    0.0620   0.0405         6
       1,875   0.930    0.0666   0.0404         6
       2,250   0.860    0.0655   0.0446         6
       2,625   0.917    0.0675   0.0389         6
       3,000   0.923    0.0681   0.0384         6
  n/cls=1000  (seed 0 trace):
           n     acc    margin        σ   anchors
           1   0.167    0.5000   0.0000         1
         750   0.880    0.0692   0.0417         6
       1,500   0.917    0.0624   0.0359         6
       2,250   0.823    0.0624   0.0421         6
       3,000   0.870    0.0620   0.0406         6
       3,750   0.877    0.0595   0.0382         6
       4,500   0.893    0.0630   0.0387         6
       5,250   0.887    0.0615   0.0373         6
       6,000   0.870    0.0649   0.0439         6

  AUDIO
  n/cls=5  (seed 0 trace):
           n     acc    margin        σ   anchors
           1   0.167    0.5000   0.0000         1
           4   0.487    0.0083   0.0042         4
           7   0.733    0.0051   0.0035         6
          10   0.750    0.0055   0.0034         6
          13   0.863    0.0059   0.0045         6
          16   0.753    0.0059   0.0048         6
          19   0.810    0.0053   0.0040         6
          22   0.807    0.0056   0.0046         6
          25   0.897    0.0061   0.0042         6
          28   0.847    0.0072   0.0050         6
          30   0.827    0.0072   0.0050         6
  n/cls=10  (seed 0 trace):
           n     acc    margin        σ   anchors
           1   0.167    0.5000   0.0000         1
           8   0.487    0.0083   0.0072         5
          15   0.730    0.0078   0.0057         6
          22   0.710    0.0077   0.0050         6
          29   0.770    0.0080   0.0056         6
          36   0.837    0.0068   0.0049         6
          43   0.797    0.0073   0.0050         6
          50   0.800    0.0070   0.0049         6
          57   0.777    0.0073   0.0044         6
          60   0.740    0.0081   0.0050         6
  n/cls=25  (seed 0 trace):
           n     acc    margin        σ   anchors
           1   0.167    0.5000   0.0000         1
          18   0.730    0.0081   0.0050         6
          36   0.767    0.0075   0.0052         6
          54   0.910    0.0070   0.0049         6
          72   0.753    0.0060   0.0036         6
          90   0.733    0.0064   0.0042         6
         108   0.777    0.0063   0.0044         6
         126   0.760    0.0069   0.0046         6
         144   0.790    0.0056   0.0033         6
         150   0.777    0.0060   0.0048         6
  n/cls=50  (seed 0 trace):
           n     acc    margin        σ   anchors
           1   0.167    0.5000   0.0000         1
          35   0.847    0.0065   0.0038         6
          70   0.817    0.0077   0.0072         6
         105   0.797    0.0069   0.0042         6
         140   0.813    0.0068   0.0047         6
         175   0.803    0.0064   0.0036         6
         210   0.847    0.0062   0.0040         6
         245   0.763    0.0072   0.0058         6
         280   0.787    0.0076   0.0050         6
         300   0.743    0.0068   0.0058         6
  n/cls=100  (seed 0 trace):
           n     acc    margin        σ   anchors
           1   0.167    0.5000   0.0000         1
          75   0.787    0.0073   0.0051         6
         150   0.820    0.0065   0.0038         6
         225   0.727    0.0068   0.0041         6
         300   0.903    0.0071   0.0059         6
         375   0.760    0.0082   0.0064         6
         450   0.800    0.0063   0.0045         6
         525   0.697    0.0071   0.0053         6
         600   0.803    0.0067   0.0041         6
  n/cls=200  (seed 0 trace):
           n     acc    margin        σ   anchors
           1   0.167    0.5000   0.0000         1
         150   0.787    0.0060   0.0046         6
         300   0.697    0.0072   0.0054         6
         450   0.720    0.0069   0.0050         6
         600   0.787    0.0067   0.0047         6
         750   0.737    0.0081   0.0047         6
         900   0.827    0.0065   0.0038         6
       1,050   0.773    0.0078   0.0054         6
       1,200   0.767    0.0076   0.0047         6
  n/cls=500  (seed 0 trace):
           n     acc    margin        σ   anchors
           1   0.167    0.5000   0.0000         1
         375   0.823    0.0064   0.0034         6
         750   0.793    0.0076   0.0069         6
       1,125   0.783    0.0080   0.0063         6
       1,500   0.817    0.0064   0.0041         6
       1,875   0.797    0.0063   0.0046         6
       2,250   0.843    0.0069   0.0042         6
       2,625   0.743    0.0051   0.0032         6
       3,000   0.793    0.0078   0.0046         6
  n/cls=1000  (seed 0 trace):
           n     acc    margin        σ   anchors
           1   0.167    0.5000   0.0000         1
         750   0.893    0.0056   0.0030         6
       1,500   0.840    0.0061   0.0034         6
       2,250   0.713    0.0063   0.0043         6
       3,000   0.773    0.0078   0.0053         6
       3,750   0.800    0.0056   0.0040         6
       4,500   0.837    0.0070   0.0046         6
       5,250   0.700    0.0075   0.0056         6
       6,000   0.887    0.0064   0.0046         6

  RF_IQ
  n/cls=5  (seed 0 trace):
           n     acc    margin        σ   anchors
           1   0.167    0.5000   0.0000         1
           4   0.333    0.0499   0.0188         2
           7   0.330    0.0293   0.0240         3
          10   0.390    0.0016   0.0016         4
          13   0.710    0.0011   0.0011         6
          16   0.743    0.0012   0.0012         6
          19   0.727    0.0021   0.0023         6
          22   0.723    0.0024   0.0024         6
          25   0.720    0.0022   0.0025         6
          28   0.707    0.0023   0.0027         6
          30   0.707    0.0020   0.0020         6
  n/cls=10  (seed 0 trace):
           n     acc    margin        σ   anchors
           1   0.167    0.5000   0.0000         1
           8   0.507    0.0292   0.0289         4
          15   0.733    0.0028   0.0028         6
          22   0.713    0.0032   0.0034         6
          29   0.753    0.0023   0.0028         6
          36   0.727    0.0014   0.0015         6
          43   0.737    0.0021   0.0021         6
          50   0.720    0.0022   0.0022         6
          57   0.747    0.0024   0.0025         6
          60   0.743    0.0024   0.0025         6
  n/cls=25  (seed 0 trace):
           n     acc    margin        σ   anchors
           1   0.167    0.5000   0.0000         1
          18   0.740    0.0037   0.0038         6
          36   0.717    0.0021   0.0022         6
          54   0.713    0.0025   0.0025         6
          72   0.767    0.0019   0.0021         6
          90   0.713    0.0030   0.0030         6
         108   0.740    0.0035   0.0034         6
         126   0.743    0.0040   0.0050         6
         144   0.753    0.0036   0.0043         6
         150   0.740    0.0031   0.0033         6
  n/cls=50  (seed 0 trace):
           n     acc    margin        σ   anchors
           1   0.167    0.5000   0.0000         1
          35   0.747    0.0024   0.0023         6
          70   0.690    0.0047   0.0053         6
         105   0.720    0.0032   0.0032         6
         140   0.753    0.0044   0.0050         6
         175   0.760    0.0036   0.0035         6
         210   0.737    0.0036   0.0039         6
         245   0.763    0.0028   0.0027         6
         280   0.707    0.0021   0.0028         6
         300   0.630    0.0019   0.0020         6
  n/cls=100  (seed 0 trace):
           n     acc    margin        σ   anchors
           1   0.167    0.5000   0.0000         1
          75   0.707    0.0022   0.0023         6
         150   0.693    0.0020   0.0030         6
         225   0.740    0.0029   0.0031         6
         300   0.700    0.0036   0.0038         6
         375   0.707    0.0039   0.0044         6
         450   0.647    0.0043   0.0053         6
         525   0.717    0.0025   0.0024         6
         600   0.760    0.0027   0.0031         6
  n/cls=200  (seed 0 trace):
           n     acc    margin        σ   anchors
           1   0.167    0.5000   0.0000         1
         150   0.740    0.0028   0.0039         6
         300   0.747    0.0029   0.0027         6
         450   0.740    0.0041   0.0045         6
         600   0.743    0.0023   0.0030         6
         750   0.750    0.0031   0.0030         6
         900   0.757    0.0036   0.0042         6
       1,050   0.747    0.0028   0.0029         6
       1,200   0.710    0.0029   0.0028         6
  n/cls=500  (seed 0 trace):
           n     acc    margin        σ   anchors
           1   0.167    0.5000   0.0000         1
         375   0.743    0.0025   0.0023         6
         750   0.643    0.0037   0.0043         6
       1,125   0.697    0.0030   0.0029         6
       1,500   0.733    0.0017   0.0024         6
       1,875   0.730    0.0017   0.0022         6
       2,250   0.723    0.0034   0.0036         6
       2,625   0.737    0.0021   0.0023         6
       3,000   0.637    0.0025   0.0030         6
  n/cls=1000  (seed 0 trace):
           n     acc    margin        σ   anchors
           1   0.167    0.5000   0.0000         1
         750   0.673    0.0030   0.0043         6
       1,500   0.740    0.0032   0.0035         6
       2,250   0.727    0.0025   0.0025         6
       3,000   0.757    0.0026   0.0028         6
       3,750   0.710    0.0036   0.0035         6
       4,500   0.707    0.0033   0.0040         6
       5,250   0.683    0.0032   0.0038         6
       6,000   0.737    0.0025   0.0026         6

  IMAGE
  n/cls=5  (seed 0 trace):
           n     acc    margin        σ   anchors
           1   0.167    0.5000   0.0000         1
           4   0.313    0.1605   0.0835         2
           7   0.547    0.1857   0.1553         4
          10   0.653    0.1643   0.1336         6
          13   0.667    0.1613   0.1282         6
          16   0.817    0.1913   0.1161         8
          19   0.823    0.1917   0.1144         8
          22   0.840    0.1838   0.1141         8
          25   0.890    0.1829   0.1084         8
          28   0.887    0.1847   0.1105         8
          30   0.887    0.1828   0.1127         8
  n/cls=10  (seed 0 trace):
           n     acc    margin        σ   anchors
           1   0.167    0.5000   0.0000         1
           8   0.633    0.2220   0.1945         5
          15   0.730    0.1877   0.1789         7
          22   0.770    0.1827   0.1725         8
          29   0.823    0.1887   0.1471         8
          36   0.820    0.1953   0.1482         8
          43   0.867    0.2159   0.1470         8
          50   0.887    0.2143   0.1402         9
          57   0.900    0.2011   0.1441         9
          60   0.887    0.2047   0.1308         9
  n/cls=25  (seed 0 trace):
           n     acc    margin        σ   anchors
           1   0.167    0.5000   0.0000         1
          18   0.830    0.1849   0.1166         9
          36   0.847    0.1802   0.1156         9
          54   0.850    0.1758   0.0977         9
          72   0.923    0.1727   0.1106        10
          90   0.890    0.1976   0.1115        10
         108   0.900    0.1865   0.1045        10
         126   0.903    0.1903   0.1097        10
         144   0.880    0.1841   0.1196        10
         150   0.887    0.1792   0.1170        10
  n/cls=50  (seed 0 trace):
           n     acc    margin        σ   anchors
           1   0.167    0.5000   0.0000         1
          35   0.893    0.1771   0.1433         7
          70   0.873    0.1923   0.1327         9
         105   0.907    0.1823   0.1452         9
         140   0.843    0.1793   0.1443         9
         175   0.940    0.1646   0.1331         9
         210   0.890    0.1718   0.1156         9
         245   0.910    0.1649   0.1123         9
         280   0.943    0.1674   0.0937         9
         300   0.940    0.1749   0.1036        10
  n/cls=100  (seed 0 trace):
           n     acc    margin        σ   anchors
           1   0.167    0.5000   0.0000         1
          75   0.863    0.1851   0.1215         8
         150   0.893    0.1856   0.1363         9
         225   0.900    0.1663   0.1245         9
         300   0.923    0.1601   0.1134         9
         375   0.950    0.1561   0.0971         9
         450   0.903    0.1709   0.1263         9
         525   0.880    0.1810   0.1345         9
         600   0.890    0.1718   0.1111         9
  n/cls=200  (seed 0 trace):
           n     acc    margin        σ   anchors
           1   0.167    0.5000   0.0000         1
         150   0.910    0.1859   0.0941         9
         300   0.930    0.1833   0.0985        10
         450   0.967    0.1622   0.1120        10
         600   0.967    0.1619   0.1050        11
         750   0.933    0.1939   0.1102        11
         900   0.963    0.1842   0.1075        11
       1,050   0.910    0.1565   0.1128        11
       1,200   0.967    0.1756   0.0988        11
  n/cls=500  (seed 0 trace):
           n     acc    margin        σ   anchors
           1   0.167    0.5000   0.0000         1
         375   0.910    0.1625   0.0935        10
         750   0.917    0.1844   0.1215        10
       1,125   0.950    0.1923   0.1264        11
       1,500   0.907    0.1802   0.0934        11
       1,875   0.933    0.1775   0.1142        11
       2,250   0.903    0.1877   0.1059        11
       2,625   0.893    0.1631   0.1078        11
       3,000   0.890    0.1775   0.0972        11
  n/cls=1000  (seed 0 trace):
           n     acc    margin        σ   anchors
           1   0.167    0.5000   0.0000         1
         750   0.940    0.1765   0.1036        11
       1,500   0.987    0.1707   0.0907        12
       2,250   0.950    0.1783   0.1028        12
       3,000   0.950    0.1857   0.1118        12
       3,750   0.977    0.1659   0.1013        12
       4,500   0.963    0.1610   0.1097        12
       5,250   0.937    0.1801   0.1116        12
       6,000   0.957    0.1748   0.1016        12

  STRUCTURED
  n/cls=5  (seed 0 trace):
           n     acc    margin        σ   anchors
           1   0.167    0.5000   0.0000         1
           4   0.267    0.0311   0.0227         3
           7   0.333    0.0289   0.0288         5
          10   0.387    0.0291   0.0331         6
          13   0.403    0.0267   0.0289         6
          16   0.427    0.0267   0.0307         6
          19   0.467    0.0240   0.0222         6
          22   0.460    0.0257   0.0282         6
          25   0.473    0.0271   0.0285         6
          28   0.423    0.0232   0.0220         6
          30   0.490    0.0249   0.0227         6
  n/cls=10  (seed 0 trace):
           n     acc    margin        σ   anchors
           1   0.167    0.5000   0.0000         1
           8   0.230    0.0276   0.0250         5
          15   0.330    0.0182   0.0169         6
          22   0.360    0.0202   0.0195         6
          29   0.467    0.0206   0.0193         6
          36   0.443    0.0212   0.0185         6
          43   0.457    0.0192   0.0183         6
          50   0.527    0.0140   0.0125         6
          57   0.463    0.0236   0.0308         6
          60   0.510    0.0169   0.0145         6
  n/cls=25  (seed 0 trace):
           n     acc    margin        σ   anchors
           1   0.167    0.5000   0.0000         1
          18   0.407    0.0206   0.0276         7
          36   0.457    0.0228   0.0253         7
          54   0.363    0.0163   0.0174         7
          72   0.487    0.0179   0.0202         7
          90   0.537    0.0178   0.0191         7
         108   0.480    0.0215   0.0211         7
         126   0.417    0.0226   0.0216         7
         144   0.507    0.0213   0.0237         7
         150   0.530    0.0220   0.0260         7
  n/cls=50  (seed 0 trace):
           n     acc    margin        σ   anchors
           1   0.167    0.5000   0.0000         1
          35   0.423    0.0194   0.0192         6
          70   0.553    0.0199   0.0223         6
         105   0.467    0.0173   0.0171         6
         140   0.403    0.0200   0.0290         7
         175   0.550    0.0178   0.0226         7
         210   0.490    0.0191   0.0363         7
         245   0.363    0.0240   0.0331         7
         280   0.380    0.0213   0.0332         7
         300   0.450    0.0251   0.0354         7
  n/cls=100  (seed 0 trace):
           n     acc    margin        σ   anchors
           1   0.167    0.5000   0.0000         1
          75   0.447    0.0206   0.0234         6
         150   0.593    0.0180   0.0166         6
         225   0.433    0.0184   0.0192         6
         300   0.493    0.0175   0.0173         6
         375   0.517    0.0244   0.0323         6
         450   0.477    0.0260   0.0405         6
         525   0.480    0.0210   0.0229         6
         600   0.490    0.0194   0.0178         6
  n/cls=200  (seed 0 trace):
           n     acc    margin        σ   anchors
           1   0.167    0.5000   0.0000         1
         150   0.490    0.0206   0.0200         6
         300   0.390    0.0184   0.0167         6
         450   0.457    0.0148   0.0143         6
         600   0.447    0.0170   0.0145         6
         750   0.473    0.0181   0.0155         6
         900   0.380    0.0248   0.0196         6
       1,050   0.443    0.0222   0.0245         6
       1,200   0.473    0.0184   0.0174         6
  n/cls=500  (seed 0 trace):
           n     acc    margin        σ   anchors
           1   0.167    0.5000   0.0000         1
         375   0.460    0.0175   0.0144         6
         750   0.487    0.0167   0.0170         6
       1,125   0.517    0.0155   0.0133         6
       1,500   0.403    0.0229   0.0224         6
       1,875   0.537    0.0192   0.0259         9
       2,250   0.463    0.0197   0.0195         9
       2,625   0.410    0.0186   0.0160         9
       3,000   0.520    0.0218   0.0213         9
  n/cls=1000  (seed 0 trace):
           n     acc    margin        σ   anchors
           1   0.167    0.5000   0.0000         1
         750   0.530    0.0247   0.0346         7
       1,500   0.587    0.0208   0.0260         8
       2,250   0.493    0.0223   0.0194         8
       3,000   0.490    0.0146   0.0155         8
       3,750   0.427    0.0206   0.0234         8
       4,500   0.447    0.0227   0.0234         9
       5,250   0.427    0.0206   0.0230         9
       6,000   0.457    0.0164   0.0172         9

  VIDEO
  n/cls=5  (seed 0 trace):
           n     acc    margin        σ   anchors
           1   0.167    0.5000   0.0000         1
           4   0.497    0.3294   0.1823         3
           7   0.663    0.1952   0.1725         4
          10   0.833    0.2023   0.1612         5
          13   0.997    0.1769   0.1033         6
          16   0.993    0.1751   0.1016         6
          19   0.993    0.1699   0.1054         7
          22   0.993    0.1712   0.1048         7
          25   0.993    0.1718   0.1049         7
          28   0.993    0.1717   0.1057         7
          30   0.993    0.1711   0.1056         7
  n/cls=10  (seed 0 trace):
           n     acc    margin        σ   anchors
           1   0.167    0.5000   0.0000         1
           8   0.667    0.1155   0.0712         4
          15   0.973    0.1699   0.1604         6
          22   0.977    0.1749   0.1601         6
          29   0.983    0.1765   0.1649         6
          36   0.983    0.1786   0.1649         6
          43   0.993    0.1809   0.1609         6
          50   0.993    0.1806   0.1600         6
          57   0.973    0.1873   0.1651         6
          60   0.963    0.1852   0.1715         6
  n/cls=25  (seed 0 trace):
           n     acc    margin        σ   anchors
           1   0.167    0.5000   0.0000         1
          18   0.970    0.1789   0.1303         6
          36   0.983    0.1852   0.1418         6
          54   0.993    0.1908   0.1452         6
          72   1.000    0.1802   0.1154         6
          90   1.000    0.1852   0.1449         6
         108   0.993    0.1864   0.1190         6
         126   0.993    0.1860   0.1367         6
         144   0.993    0.1868   0.1452         6
         150   0.990    0.1858   0.1527         6
  n/cls=50  (seed 0 trace):
           n     acc    margin        σ   anchors
           1   0.167    0.5000   0.0000         1
          35   1.000    0.1680   0.0960         7
          70   0.993    0.1642   0.0957         7
         105   1.000    0.1711   0.1063         7
         140   1.000    0.1627   0.1080         7
         175   1.000    0.1672   0.1002         7
         210   0.993    0.1697   0.0952         7
         245   0.993    0.1663   0.0846         7
         280   1.000    0.1551   0.0870         7
         300   1.000    0.1683   0.1173         7
  n/cls=100  (seed 0 trace):
           n     acc    margin        σ   anchors
           1   0.167    0.5000   0.0000         1
          75   1.000    0.1820   0.1457         6
         150   1.000    0.1758   0.1358         6
         225   1.000    0.1861   0.1442         6
         300   0.990    0.1683   0.1230         7
         375   0.997    0.1663   0.0922         7
         450   1.000    0.1630   0.1136         7
         525   0.993    0.1667   0.0990         7
         600   1.000    0.1618   0.1008         7
  n/cls=200  (seed 0 trace):
           n     acc    margin        σ   anchors
           1   0.167    0.5000   0.0000         1
         150   1.000    0.1834   0.1381         6
         300   1.000    0.1769   0.1377         6
         450   1.000    0.1831   0.1230         6
         600   1.000    0.1653   0.0953         7
         750   1.000    0.1562   0.0779         7
         900   0.997    0.1788   0.1301         7
       1,050   1.000    0.1507   0.0731         7
       1,200   1.000    0.1625   0.0902         7
  n/cls=500  (seed 0 trace):
           n     acc    margin        σ   anchors
           1   0.167    0.5000   0.0000         1
         375   0.993    0.1577   0.0857         7
         750   0.993    0.1692   0.1020         7
       1,125   1.000    0.1612   0.1017         7
       1,500   0.993    0.1570   0.0722         7
       1,875   1.000    0.1592   0.0808         7
       2,250   0.993    0.1632   0.0971         7
       2,625   1.000    0.1547   0.0790         7
       3,000   0.990    0.1646   0.0908         7
  n/cls=1000  (seed 0 trace):
           n     acc    margin        σ   anchors
           1   0.167    0.5000   0.0000         1
         750   0.993    0.1750   0.1157         7
       1,500   0.993    0.1649   0.0967         7
       2,250   0.993    0.1685   0.0972         7
       3,000   0.993    0.1668   0.1042         7
       3,750   0.993    0.1527   0.0620         7
       4,500   1.000    0.1568   0.0935         7
       5,250   1.000    0.1560   0.0860         7
       6,000   1.000    0.1624   0.0994         7

════════════════════════════════════════════════════════════════════════════
  SYNTHESIS
════════════════════════════════════════════════════════════════════════════

  RATIO CONSISTENCY:
    If trans_ratio is stable across n/class values for a modality:
      → Transition is a constant fraction of training. Predictable.
      → Adaptive learner can stop at: n_stop = ratio × n_budget
    If trans_ratio varies with n/class:
      → Transition depends on absolute example count, not fraction.
      → Adaptive learner must monitor σ in real time.
    If no transition detected at any budget:
      → Modality is Type C (encoder-limited). No stopping criterion applies.
      → Flag as "encoder mismatch" and halt training early.

  Q(n) UNIVERSALITY:
    n* / n_total ratio should be close to trans_ratio if the model is correct.
    Systematic deviation indicates the plasticity decay (λ) is misestimated.
    Compare n* column to trans_n column — should agree within 20%.

  MINIMUM VIABLE BUDGET:
    The smallest n/class where a transition is detected gives the practical
    minimum training requirement for that modality.
    Below this threshold, training does not converge — it wastes budget.

════════════════════════════════════════════════════════════════════════════